array([[-15.,  14.],
       [ -8.,  -5.]])
array([[5.],
       [7.]])
array([[ 13.,  14.,   8.,  -5.],
       [ -3.,  -9.,  -4.,   7.],
       [-14., -12.,  -9.,  -2.],
       [ 12.,  14.,  -9.,   1.]])
array([[-8.],
       [-8.],
       [-3.],
       [-1.]])
array([[  2.,   4., -10.,   9., -14., -14.],
       [ -7.,   9.,   4.,  -4.,   6.,  -4.],
       [-12.,   5.,  -7.,  14., -10.,  11.],
       [  7., -12.,   1.,  -1.,   4.,   0.],
       [  1.,   1., -10., -13.,  11.,  -3.],
       [  2.,   1.,  14.,  15.,  -1.,  -4.]])
array([[  6.],
       [ 14.],
       [-13.],
       [  2.],
       [ -1.],
       [  1.]])
array([[-12.,  12.,  -6.,  14.,   0.,   5.,  15.,   3.],
       [  9., -12.,   8.,   9.,   3., -13.,   3.,  15.],
       [ -5.,   9.,   4.,   1.,   2.,  12.,   5.,  10.],
       [ 13., -10.,   7.,   2., -10.,  10.,  -7.,  -1.],
       [ -8., -13., -11., -12.,  -7.,  -7., -11.,   7.],
       [  2., -13.,   4.,   6., -10., -12.,   0.,  -3.],
       [  3.,  -8.,  14., -12.,  14.,  -2.,   4.,   4.],
       [  6.,   5.,   4., -10.,   5.,   0.,   0., -11.]])
array([[ -5.],
       [  6.],
       [ 13.],
       [ -8.],
       [-13.],
       [ 13.],
       [-11.],
       [ -5.]])
array([[  3.,  11.,  -9.,  -4., -13.,  -6., -14., -15.,   8.,   6.,  -1.,
         -3.],
       [ -3.,   4.,   0.,  12.,  -2.,   9.,   8.,  12.,   4.,  -9.,   3.,
          0.],
       [ -8., -15.,  12.,   9.,  13., -12.,   7.,  11.,   5.,   7.,  -2.,
          8.],
       [-13.,   1.,  -5.,  -9.,   0.,   0.,   3.,  10.,   6.,  11.,  -7.,
          2.],
       [-12.,   4.,  -1.,  -1.,  11.,   3.,  -8., -10.,   0.,  -1.,  -2.,
         11.],
       [-14., -14.,   6.,   1.,  -6.,   9.,   2.,  -8.,   7., -11.,  13.,
         -4.],
       [ -4.,   6.,  14.,  -9.,  12., -11.,   0.,   7.,   1.,   5.,  -5.,
          2.],
       [  0.,  -3.,  13.,   5.,   6., -12., -11.,  12., -13.,  -5.,   0.,
          6.],
       [ -8.,  14., -11., -13.,  14.,  10.,  -7.,   5.,  14.,  14.,  10.,
         -4.],
       [  3.,   7.,  13.,  -9.,   7.,   8.,   6., -15., -14., -14.,   5.,
         -2.],
       [ 14.,  15.,  -3.,  -2.,  13.,  14.,  10., -14., -10.,   2.,   6.,
          3.],
       [  5., -13.,   3.,  12.,  11.,   9.,  -7.,   0.,   1.,  14.,  11.,
          8.]])
array([[  6.],
       [-15.],
       [-10.],
       [ 13.],
       [ -3.],
       [-14.],
       [  7.],
       [ -7.],
       [ -1.],
       [ -6.],
       [-12.],
       [-11.]])